
Winningness, Vulnerability, and Fragility 1868-2016
-----------------------------------------------------------------------------------------
     winningness vulnerability fragility winningness.1 vulnerability.1 fragility.1 actual
-----------------------------------------------------------------------------------------
1868      1            0           0           0                                   0.725 
1872      1            0           0           0                                   0.820 
1876    0.191        0.917       4.554       0.809          0.446         1.097    0.497 
1880    0.308        0.881       3.061       0.692          0.611         1.365    0.577 
1884    0.315        0.862       3.519       0.685          0.569         1.620    0.454 
1888    0.575        0.667       2.144       0.425          0.785         2.905    0.581 
1892    0.270        0.895       4.005       0.730          0.534         1.499    0.390 
1896    0.979        0.095       0.159       0.021            1           7.419    0.611 
1900      1            0           0           0                                   0.653 
1904      1            0           0           0                                   0.721 
1908      1            0           0           0                                   0.677 
1912      0                                    1              0             0      0.043 
1916    0.158        0.824       5.464       0.842          0.319         1.028    0.480 
1920      1            0           0           0                                   0.761 
1924      1            0           0           0                                   0.744 
1928      1            0           0           0                                   0.836 
1932      0                                    1              0             0      0.111 
1936      0                                    1              0             0      0.015 
1940      0                                    1              0             0      0.154 
1944    0.009        1.000       9.850       0.991          0.050         0.093    0.186 
1948    0.012        1.000       9.146       0.988          0.067         0.115    0.377 
1952      1            0           0           0                                   0.832 
1956      1            0           0           0                                   0.861 
1960    0.699        0.496       1.861       0.301          0.799         4.325    0.410 
1964      0                                    1              0             0      0.097 
1968    0.824        0.383       1.053       0.176          0.874         4.848    0.595 
1972      1            0           0           0                                   0.968 
1976    0.306        0.775       4.714       0.694          0.494         2.092    0.448 
1980      1            0           0           0                                   0.909 
1984      1            0           0           0                                   0.976 
1988      1            0           0           0                                   0.792 
1992   0.00004         1        15.333       1.000          0.001         0.001    0.312 
1996      0                                    1              0             0      0.296 
2000    0.631        0.549       2.198       0.369          0.727         3.724    0.504 
2004    0.725        0.520       1.450       0.275          0.854         3.773    0.532 
2008      0                                    1              0             0      0.323 
2012    0.191        0.939       3.592       0.809          0.449         0.850    0.383 
2016    0.507        0.694       2.638       0.493          0.703         2.711    0.567 
-----------------------------------------------------------------------------------------
